   0.0000000e+00   0.0000000e+00   0.0000000e+00   0.0000000e+00   0.0000000e+00   0.0000000e+00
   4.0285169e-03  -2.9194448e-02   4.7499467e-03  -3.9231660e-04   3.8063629e-06   9.9621285e-06
   1.2244930e-03  -4.6883627e-02  -3.9719610e-02  -9.9466227e-04  -1.3025503e-04   1.4733985e-05
   9.0198835e-03  -3.1168780e-02  -2.3176898e-02  -4.8813237e-04  -1.8120812e-05   1.1974833e-04
  -3.0858444e-03  -4.0489148e-02  -3.1863563e-02  -9.8277234e-04  -2.2153201e-04  -1.7906642e-05
   4.0704753e-03  -7.5016225e-02  -1.7115477e-02  -1.3147561e-03  -1.5405694e-04   3.3629524e-05
  -1.8063104e-03  -7.1135424e-02   4.1194918e-03  -6.9306194e-04  -3.6460300e-04  -1.4648394e-04
   3.7007685e-03  -7.9816515e-02   8.9539425e-03  -8.8903014e-04  -1.9067270e-04   8.3071542e-05
   6.8665065e-04  -6.4949346e-02   2.6207451e-02  -6.2417490e-04  -3.8326990e-04  -1.9351751e-04
   8.3036444e-03  -8.5952834e-02   2.1264237e-02  -7.8914171e-04  -1.2431723e-04   1.6070949e-04
  -1.6741429e-02  -7.9109261e-03   1.2846272e-02   3.7396775e-04  -6.6579343e-04  -2.0029877e-04
   1.3013288e-01  -4.6821914e-01  -2.4373929e-02  -1.0508709e-02   1.8505225e-03   1.8070709e-03
   2.6001808e-01  -8.1249667e-01  -1.4552388e-01  -1.8748137e-02   3.2225432e-03   3.2507532e-03
   1.7683165e-01  -6.8837954e-01  -1.1342381e-01  -1.4477561e-02   1.6890867e-03   2.8388229e-03
   1.9507644e-01  -6.7302979e-01  -9.8752837e-02  -1.4682995e-02   2.0153184e-03   3.0554719e-03
   1.9022097e-01  -5.8247955e-01  -1.1618574e-01  -1.3324903e-02   1.7171643e-03   2.8077212e-03
   2.0188653e-01  -6.3755712e-01  -1.3498333e-01  -1.4175260e-02   1.7337284e-03   3.0184910e-03
   1.9124385e-01  -5.9712511e-01  -1.1146691e-01  -1.3164039e-02   1.5781245e-03   2.9128810e-03
   2.0061723e-01  -5.6552936e-01  -1.0865147e-01  -1.3172705e-02   1.5497751e-03   3.2082066e-03
   1.9440829e-01  -5.7881615e-01  -9.9966977e-02  -1.3136498e-02   1.4155480e-03   3.0462157e-03
   2.0158295e-01  -5.6335250e-01  -9.2836011e-02  -1.2684912e-02   1.6230361e-03   3.0742899e-03
   1.8745698e-01  -5.5941056e-01  -1.2499894e-01  -1.2474219e-02   1.2057009e-03   3.0506619e-03
   1.6762365e-01  -7.0843978e-01  -1.6568245e-01  -1.4668052e-02   4.0968621e-04   2.9043529e-03
   1.3586315e-01  -7.3685559e-01  -2.1613347e-01  -1.3664728e-02   6.9325961e-06   2.6860446e-03
   1.3099296e-01  -6.6758952e-01  -2.1846747e-01  -1.2773640e-02   1.1031448e-04   2.7570163e-03
   1.2468588e-01  -6.5109112e-01  -2.2186330e-01  -1.2656006e-02  -2.1568150e-04   2.7981616e-03
   1.4198914e-01  -6.3071668e-01  -2.3422207e-01  -1.2511491e-02   1.3833978e-05   2.6578201e-03
   1.5100523e-01  -6.2969190e-01  -2.0735656e-01  -1.2222161e-02   7.0725542e-05   2.7099125e-03
   1.5791250e-01  -6.2442335e-01  -1.9546253e-01  -1.1656814e-02   1.6828787e-04   2.8611687e-03
   1.4918449e-01  -6.2232710e-01  -1.9712486e-01  -1.1852261e-02   2.7208356e-06   2.9646737e-03
   1.5583467e-01  -6.2430158e-01  -1.9769764e-01  -1.1951584e-02   2.0875382e-04   2.7507897e-03
   1.5324622e-01  -6.1159221e-01  -1.9504230e-01  -1.1910057e-02  -2.7933707e-05   2.6495186e-03
   1.4964073e-01  -6.2606301e-01  -2.1069459e-01  -1.1704583e-02   2.2084621e-05   2.6469979e-03
   1.5278848e-01  -5.8025628e-01  -2.1132545e-01  -1.1152272e-02   1.1985111e-04   2.7392166e-03
   1.6312316e-01  -5.8748227e-01  -2.1275995e-01  -1.1239224e-02  -6.0671073e-05   2.7806015e-03
   1.6721347e-01  -5.8939450e-01  -2.0030930e-01  -1.0962278e-02   4.6357476e-05   2.8365305e-03
   1.6909587e-01  -5.9415825e-01  -2.1426788e-01  -1.1400653e-02   1.7846705e-04   2.7741146e-03
   1.6904324e-01  -5.7226169e-01  -1.8906280e-01  -1.1070749e-02  -1.2976966e-04   2.9262233e-03
   1.7532380e-01  -5.9702355e-01  -1.9034956e-01  -1.1084441e-02   1.3041501e-05   2.9288787e-03
   1.7332827e-01  -5.8669330e-01  -1.7659421e-01  -1.0981655e-02   1.0138803e-04   2.7979029e-03
   1.7276036e-01  -5.8100067e-01  -1.9450297e-01  -1.0983515e-02   2.4260539e-07   2.7597148e-03
   1.6240371e-01  -5.9589133e-01  -1.6652667e-01  -1.0797647e-02  -3.3364626e-05   2.7507496e-03
   1.6454176e-01  -5.8882219e-01  -1.0740935e-01  -1.1370577e-02   2.2441772e-05   2.9591759e-03
   1.7122830e-01  -5.9529936e-01  -1.1789388e-01  -1.1460062e-02   1.9952041e-05   2.8199140e-03
   1.6676016e-01  -5.8776051e-01  -1.1200320e-01  -1.1029015e-02  -1.1407222e-04   2.9291740e-03
   1.6484705e-01  -5.9420916e-01  -8.8431474e-02  -1.1107434e-02  -9.3808088e-05   2.8331212e-03
   1.6736741e-01  -6.1874587e-01  -8.9028802e-02  -1.1324334e-02  -2.8993453e-05   2.8247477e-03
   1.7606927e-01  -6.1288815e-01  -7.9572590e-02  -1.1124613e-02  -7.6026675e-08   2.8326767e-03
   1.7571099e-01  -6.0529293e-01  -9.0006035e-02  -1.1002780e-02  -1.0194152e-05   2.8827131e-03
   1.6913995e-01  -5.8973579e-01  -8.9314514e-02  -1.0635853e-02  -1.0115634e-04   2.8426580e-03
   1.5795651e-01  -5.9299005e-01  -7.8883975e-02  -1.0606257e-02  -3.0246316e-04   2.8389823e-03
   1.6654761e-01  -5.8981584e-01  -7.6972675e-02  -1.0700328e-02  -3.2452202e-04   2.8279564e-03
   1.6689153e-01  -5.8893605e-01  -6.3820279e-02  -1.0515555e-02  -1.3590773e-04   2.9707287e-03
   1.7175993e-01  -5.7152971e-01  -7.6753033e-02  -1.0112038e-02   4.6554211e-05   3.0302725e-03
   1.6701301e-01  -5.6896581e-01  -8.6159484e-02  -1.0383237e-02  -1.9691663e-04   2.9078890e-03
   1.6698892e-01  -5.6424563e-01  -7.2406758e-02  -9.7561710e-03  -3.6201332e-05   2.9595377e-03
   1.6017082e-01  -5.6528619e-01  -1.0643607e-01  -1.0054940e-02  -2.3495038e-04   3.0006133e-03
   1.5961312e-01  -5.4712569e-01  -1.0590548e-01  -9.7985141e-03  -1.4354423e-04   2.8956089e-03
   1.6854092e-01  -5.5898338e-01  -8.8095659e-02  -9.9944890e-03   6.3940514e-05   2.9072971e-03
   1.7085330e-01  -5.4966016e-01  -7.4757234e-02  -9.7877056e-03  -2.4426838e-06   2.9131510e-03
   1.7482234e-01  -5.7615019e-01  -6.3018834e-02  -1.0351468e-02   1.0713486e-05   2.9313617e-03
   1.7869604e-01  -5.9234665e-01  -1.5154372e-02  -9.5025718e-03   1.6565380e-04   2.9573493e-03
   1.6032101e-01  -5.7337702e-01  -3.1780152e-02  -9.2640275e-03  -4.7684880e-05   3.3780982e-03
   1.6146486e-01  -5.5470442e-01  -5.4575706e-02  -9.4785172e-03  -3.6719265e-05   3.3436293e-03
   1.6686807e-01  -5.3900060e-01  -5.4000336e-02  -9.2265841e-03  -5.3902586e-05   3.1666130e-03
   1.6465005e-01  -5.5963178e-01  -4.3844494e-02  -9.4734943e-03  -2.1544449e-04   3.0645367e-03
   1.6288476e-01  -5.7516273e-01  -3.5472523e-02  -9.6821708e-03  -2.2148918e-04   2.9881279e-03
   1.5720578e-01  -5.6581762e-01  -2.3475669e-02  -9.2406853e-03  -2.8431914e-04   3.2117031e-03
   1.6218436e-01  -5.6070193e-01  -2.3220288e-02  -9.6664535e-03  -2.3472817e-04   2.9831755e-03
   1.6131288e-01  -5.6936302e-01  -2.4259572e-02  -9.2680708e-03  -3.1646247e-04   2.9803799e-03
   1.5605394e-01  -5.7179420e-01  -2.7471757e-02  -9.4788690e-03  -3.9257306e-04   2.9681569e-03
   1.6211954e-01  -5.4806828e-01  -2.7773408e-02  -9.2509459e-03  -4.1325012e-04   2.9701759e-03
   1.6984059e-01  -5.6799103e-01  -1.2399672e-02  -9.3768019e-03  -3.7703426e-04   2.9621255e-03
   1.6451816e-01  -5.7695772e-01  -1.6611097e-02  -9.6080906e-03  -3.5664939e-04   3.0116444e-03
   1.6124127e-01  -5.3590483e-01  -2.7601295e-02  -8.9453954e-03  -4.5981908e-04   3.0894854e-03
   1.5999396e-01  -5.4619406e-01  -1.6341920e-02  -9.1940730e-03  -4.9566372e-04   3.0994273e-03
   1.5684610e-01  -5.6073278e-01  -5.2257378e-03  -8.9439097e-03  -4.2588934e-04   3.0400753e-03
   1.6045291e-01  -5.1988470e-01  -1.9680170e-02  -8.7893293e-03  -5.8420244e-04   3.1031967e-03
   1.5651381e-01  -5.2397773e-01  -1.5221517e-02  -8.5172338e-03  -6.0362354e-04   3.1301439e-03
   1.5815275e-01  -5.1357762e-01  -1.4003706e-02  -8.5791704e-03  -4.9501241e-04   3.1112329e-03
   1.6102134e-01  -5.4761982e-01   1.2321545e-04  -9.1535837e-03  -5.5247971e-04   2.9598854e-03
   1.6383871e-01  -5.4834892e-01   7.9529170e-03  -9.0510652e-03  -4.8608926e-04   2.9663185e-03
   1.6602326e-01  -5.8870026e-01   7.9958817e-03  -9.2756524e-03  -4.4269790e-04   2.9435144e-03
   1.6710816e-01  -5.7242946e-01   9.0415663e-03  -9.0557973e-03  -3.9308301e-04   3.0245079e-03
   1.6534116e-01  -5.5127460e-01  -1.3225103e-02  -8.8038712e-03  -4.6850051e-04   2.9490881e-03
   1.6150850e-01  -5.7985262e-01  -7.5514276e-03  -9.1661693e-03  -5.9843793e-04   3.1100611e-03
   1.6918337e-01  -5.3962270e-01  -1.1360238e-02  -9.0017218e-03  -3.2191502e-04   3.2247748e-03
   1.6257157e-01  -5.3394324e-01  -1.2369142e-02  -8.6180397e-03  -4.2057243e-04   3.3273094e-03
   1.6974071e-01  -5.3243265e-01  -1.7601287e-02  -8.6290387e-03  -2.3453861e-04   3.1565519e-03
   1.7465647e-01  -5.5756269e-01  -4.2667405e-03  -8.7716073e-03  -3.3484577e-04   3.1893131e-03
   1.6975808e-01  -5.3444655e-01  -2.5755897e-02  -8.8416012e-03  -2.5601896e-04   3.1616120e-03
   1.6761716e-01  -5.2848594e-01  -3.0463320e-02  -8.7685320e-03  -3.5779666e-04   3.0142185e-03
   1.8318166e-01  -5.1673322e-01  -2.2640962e-03  -8.3595863e-03  -3.3502707e-04   3.1494681e-03
   1.7144938e-01  -5.1421915e-01  -7.8289650e-03  -8.2013890e-03  -4.8549442e-04   3.3382770e-03
   1.7976018e-01  -5.3940927e-01  -1.8749333e-02  -9.0324783e-03  -2.6513771e-04   3.1104373e-03
   1.8134509e-01  -5.4017793e-01   1.7353758e-03  -8.4944492e-03  -4.2987813e-04   3.2289093e-03
   1.8674877e-01  -5.4990929e-01  -5.8802907e-04  -8.7256664e-03  -2.3225403e-04   3.0553258e-03
   1.7433801e-01  -5.2298231e-01  -2.8342474e-03  -8.1950285e-03  -4.9491585e-04   3.1973658e-03
   1.8509887e-01  -5.0663145e-01  -4.6549987e-03  -8.1012712e-03  -4.1817987e-04   3.1378102e-03
   1.8422064e-01  -5.1615851e-01  -1.3649480e-02  -8.4322284e-03  -3.6611355e-04   3.2868257e-03
   1.8583006e-01  -5.2812934e-01   9.3669782e-04  -8.6146119e-03  -4.7136571e-04   3.1183015e-03
   1.9192316e-01  -5.6434244e-01  -3.5332294e-05  -8.8512450e-03  -3.4215887e-04   3.1277710e-03
   1.8728672e-01  -5.4305002e-01   1.1207973e-02  -8.4087226e-03  -4.4573857e-04   3.3399923e-03
   1.9713785e-01  -5.5005516e-01  -7.6670331e-03  -8.6597199e-03  -5.2086764e-05   3.3060584e-03
   2.0429786e-01  -5.3166847e-01  -2.5110373e-02  -8.6639539e-03  -3.6874029e-05   3.2577575e-03
   1.9054407e-01  -4.9952244e-01  -2.4694993e-02  -7.9844063e-03  -2.4214353e-04   3.5812821e-03
   1.9543206e-01  -5.1232574e-01  -1.8743214e-02  -8.2325777e-03  -9.1983202e-05   3.4068275e-03
   2.0034187e-01  -5.2454231e-01  -5.3051467e-04  -8.2941515e-03  -1.6323937e-04   3.3153622e-03
   1.9638611e-01  -5.1752569e-01   7.8750582e-03  -8.0557418e-03  -1.5973710e-04   3.2268819e-03
   1.9345130e-01  -4.8989440e-01  -1.8335476e-03  -7.2822248e-03  -3.7457868e-05   3.3314218e-03
   1.9005807e-01  -4.5896227e-01  -1.8519172e-02  -6.9902376e-03  -5.4439233e-05   3.3704598e-03
   1.9574868e-01  -4.5023702e-01   4.0426134e-03  -6.8000061e-03  -2.6068143e-04   3.4610657e-03
   1.9660950e-01  -4.5505918e-01  -7.3119543e-03  -7.2856757e-03  -1.3460536e-04   3.2826596e-03
   2.0098004e-01  -4.8336231e-01  -4.8826121e-03  -7.4649990e-03   1.0177946e-04   3.2662956e-03
   2.0108834e-01  -4.6222592e-01  -2.3227605e-03  -6.7017183e-03  -3.3827822e-05   3.3447969e-03
   2.0910272e-01  -4.6389120e-01   1.4855146e-02  -6.9641356e-03  -5.4444832e-05   3.2229820e-03
   2.0386900e-01  -4.7335996e-01   6.7707052e-03  -7.1838595e-03  -1.6228124e-04   3.2857878e-03
   2.1538400e-01  -4.8474282e-01   7.6405196e-03  -7.0855322e-03  -2.6926039e-05   3.1906873e-03
   1.9971845e-01  -4.5774776e-01   7.7816106e-03  -6.8346600e-03  -1.4870809e-04   3.1968124e-03
   1.9888896e-01  -4.7053857e-01  -5.7422618e-03  -7.1357427e-03  -8.5571396e-05   3.2613084e-03
